20.44,-12.950000000000001,16.520000000000003,0.00229609917,0.00229609917,0.00229609917
26.180000000000003,-9.030000000000001,3.6400000000000006,0.00229609917,0.00229609917,0.00229609917
22.05,-12.180000000000001,28.210000000000004,0.00229609917,0.00229609917,0.00229609917
35.07,15.190000000000001,27.860000000000003,0.00229609917,0.00229609917,0.00229609917
16.450000000000003,-0.7000000000000001,22.330000000000002,0.5740247924999999,-3.004216154028,0.00229609917
14.280000000000001,2.9400000000000004,22.540000000000003,0.633567603552307,-4.942674917308801,0.00229609917
17.290000000000003,0.6300000000000001,7.7700000000000005,0.633567603552307,-6.43822533509328,0.00229609917
9.24,2.1,9.66,0.633567603552307,-7.897640662579968,0.00229609917
17.080000000000002,1.2600000000000002,23.380000000000003,0.633567603552307,-8.73196007401198,0.024757900541648673
9.66,6.090000000000001,15.540000000000001,0.633567603552307,-9.40797369745919,0.16063748558243615
13.160000000000002,-2.45,17.220000000000002,0.49586396029938423,-9.537131531459512,0.16210858081739354
7.420000000000001,-2.45,20.860000000000003,0.3838517049716305,-9.537131531459512,0.19586717834941447
10.15,3.8500000000000005,21.770000000000003,0.14581457352697827,-9.574422347440624,0.26099657134898924
4.970000000000001,-2.1700000000000004,21.07,0.011258251672186966,-9.681085825512374,0.3636484347374617
-5.460000000000001,-2.1,-10.15,-0.12917411986068783,-9.710183204971425,0.6570548399831319
-16.380000000000003,-1.61,-29.750000000000004,-0.3511994929804127,-9.752995411873714,0.6570548399831319
-25.900000000000002,-0.49000000000000005,-49.07000000000001,-0.6038118736922476,-9.752995411873714,0.6570548399831319
-30.870000000000005,2.66,-31.430000000000003,-0.7488240055839092,-10.282350205556225,0.6570548399831319
-15.540000000000001,-6.580000000000001,-31.570000000000004,-0.7488240055839092,-10.40003332215396,0.6570548399831319
-17.360000000000003,-2.8000000000000003,-33.53,-0.7488240055839092,-10.40003332215396,0.6174011161438299
-23.450000000000003,8.190000000000001,-21.98,-0.7488240055839092,-10.40003332215396,0.4774069415821788
-13.930000000000001,7.3500000000000005,-34.02,-0.7488240055839092,-10.40003332215396,0.4742243521702979
-19.67,6.300000000000001,-25.130000000000003,-0.45480504135834554,-10.40003332215396,0.4473234038397165
-12.32,2.3800000000000003,-31.080000000000002,-0.2177766447350073,-9.886225475252376,0.17255764611730723
-14.770000000000001,-2.1,-16.450000000000003,-0.06086457207300438,-9.492525877987426,0.061286362942384334
-3.0100000000000002,-0.9800000000000001,-12.250000000000002,0.07461245658419739,-9.313249379044457,0.04871153344943059
5.32,1.4700000000000002,-6.510000000000001,0.2991752619865185,-8.977910442014673,-0.10119151278634164
14.63,-3.9200000000000004,8.33,0.4853455666359111,-8.771196441788804,-0.17827518517580498
16.87,-6.0200000000000005,18.41,0.7118527079255468,-8.471746065065282,-0.32463531242148297
13.930000000000001,-3.43,14.420000000000002,0.9111293297913281,-8.092774431075169,-0.3291237337105154
15.610000000000001,8.47,21.28,1.0352875012507967,-8.092774431075169,-0.3387637362605339
21.560000000000002,-0.8400000000000001,36.61000000000001,1.0352875012507967,-8.092774431075169,-0.3387637362605339
17.5,-8.190000000000001,31.710000000000004,1.0352875012507967,-8.092774431075169,-0.3387637362605339
23.520000000000003,-4.83,37.59,1.0352875012507967,-8.092774431075169,-0.3387637362605339
8.89,-10.920000000000002,22.400000000000002,1.0352875012507967,-8.219147300800213,-0.3291237337105154
5.53,-0.49000000000000005,20.020000000000003,0.8813201579441037,-8.777913710064125,-0.021129939327785518
6.510000000000001,-3.99,18.830000000000002,0.6472708119384623,-9.390542335358475,0.13702770228732872
8.89,3.5000000000000004,21.07,0.33509298641907725,-9.393162594166746,0.24624343764263837
-17.080000000000002,-3.7800000000000002,15.610000000000001,0.21942458521144637,-9.423542747332048,0.24624343764263837
3.99,-2.7300000000000004,4.0600000000000005,-0.0970367262051322,-9.474321653123086,0.2833549086643972
-8.82,-3.7800000000000002,-7.5600000000000005,-0.12710501082307932,-9.807871770677911,0.33878151352958297
-8.75,-1.7500000000000002,-29.120000000000005,-0.38853249361384756,-9.984727517449851,0.34915134469257
-13.790000000000001,-5.6000000000000005,-26.880000000000003,-0.6445804674323087,-10.130600590231229,0.3499180704682498
-19.950000000000003,-6.720000000000001,-28.000000000000004,-0.8470930884165284,-10.710970039530736,0.43930790279374976
-22.680000000000003,-6.0200000000000005,-34.650000000000006,-0.8470930884165284,-10.710970039530736,0.5550867637713197
-32.760000000000005,-0.14,-27.790000000000003,-0.8470930884165284,-10.710970039530736,0.5550867637713197
-34.230000000000004,7.140000000000001,-56.980000000000004,-0.8470930884165284,-10.710970039530736,0.5550867637713197
-18.55,2.24,-21.000000000000004,-0.8470930884165284,-10.710970039530736,0.5550867637713197
-17.5,4.760000000000001,-24.64,-0.713986338681917,-10.600299864002967,0.5550867637713197
-16.59,0.0,-20.790000000000003,-0.44859747590515026,-10.30763361146578,0.4790839654747918
-1.54,4.0600000000000005,-12.040000000000001,-0.1681301220630901,-9.887728908255468,0.20387236949687512
-2.9400000000000004,1.6800000000000002,-17.360000000000003,0.14526375778614595,-9.092069802873281,-0.039321959869874946
7.3500000000000005,2.66,-18.48,0.6262823397876877,-8.950823258131969,-0.243100256573925
5.880000000000001,0.8400000000000001,3.2900000000000005,0.7302871157206127,-8.617762046560308,-0.33516864764364784
13.510000000000002,-8.610000000000001,14.21,0.8983105431003676,-8.375093229588185,-0.417718295672355
14.840000000000002,-8.33,4.760000000000001,0.9137097104042204,-8.342564720527182,-0.43954296588131325
16.520000000000003,-9.8,35.28,1.0166300569225322,-8.14132173127691,-0.468301178719413
9.520000000000001,-2.1,13.160000000000002,1.185877287912581,-8.14132173127691,-0.468301178719413
22.820000000000004,-4.2700000000000005,38.71,1.185877287912581,-8.14132173127691,-0.468301178719413
23.87,0.07,24.85,1.185877287912581,-8.14132173127691,-0.43954296588131325
13.160000000000002,-4.130000000000001,13.72,1.185877287912581,-8.14132173127691,-0.43954296588131325
13.510000000000002,-3.3600000000000003,20.3,1.185877287912581,-8.524730430789514,-0.41265073548391423
13.860000000000001,-0.14,6.86,0.9145015393755486,-8.997082735109707,-0.24260248677740912
16.17,-5.250000000000001,8.33,0.4421619221373291,-9.689199769961824,-0.1180904481023485
-2.45,9.170000000000002,12.950000000000001,0.29836098133039746,-9.689199769961824,0.029860484521554553
14.700000000000001,-9.520000000000001,24.85,0.24330736555823845,-9.689199769961824,0.1694588359329327
4.83,0.77,15.610000000000001,0.01464754681094307,-9.851899082173095,0.20913274271575963
0.28,-3.9200000000000004,13.72,-0.14183557746543418,-9.920287589635114,0.2384477247934558
1.7500000000000002,-2.31,-4.69,-0.2697077197472605,-9.96850922194507,0.44523528564807346
-10.080000000000002,-0.7000000000000001,-16.87,-0.4759309983043563,-10.090353602796135,0.5222533524785439
-13.090000000000002,-3.2900000000000005,-14.350000000000001,-0.6281365951466139,-10.090353602796135,0.526141157764844
-17.360000000000003,-6.86,-15.890000000000002,-0.7255223284550937,-10.602325397613681,0.5535605686709064
-17.71,-7.490000000000001,-20.23,-0.7255223284550937,-10.602325397613681,0.5535605686709064
-10.64,-2.3800000000000003,-36.120000000000005,-0.7255223284550937,-10.602325397613681,0.5535605686709064
-22.470000000000002,-4.2700000000000005,-37.730000000000004,-0.7255223284550937,-10.602325397613681,0.5535605686709064
-26.250000000000004,-1.8900000000000001,-28.700000000000003,-0.7255223284550937,-10.602325397613681,0.5222533524785439
-12.670000000000002,-2.45,-21.98,-0.6254304083490562,-10.383132200959958,0.511590690949538
-22.750000000000004,5.670000000000001,-16.310000000000002,-0.4808788068294337,-9.791588353079975,0.3651052633378337
-10.080000000000002,-1.2600000000000002,-15.890000000000002,-0.14157693721766018,-9.782913799187984,0.2564402328297228
-9.870000000000001,2.0300000000000002,-19.810000000000002,-0.0325951012545961,-9.31206015517679,0.24569790837470024
2.8000000000000003,1.2600000000000002,-2.66,0.17331526952724233,-9.246299730418071,0.009652794824820142
2.24,-1.54,6.790000000000001,0.40156361414834535,-8.889063350434844,-0.06768349654510791
14.980000000000002,-3.7800000000000002,22.19,0.6542360190890072,-8.775749885924906,-0.36694405492023885
10.57,0.56,16.520000000000003,1.0124883873534043,-8.355080974706942,-0.40798596512706475
14.490000000000002,-3.8500000000000005,10.780000000000001,1.0424432278673912,-8.272508159445142,-0.40798596512706475
15.96,1.33,39.06,1.0635616583564347,-8.272508159445142,-0.469901969661686
9.030000000000001,-0.9100000000000001,20.930000000000003,1.0635616583564347,-8.272508159445142,-0.469901969661686
8.33,-1.7500000000000002,31.080000000000002,1.0635616583564347,-8.272508159445142,-0.469901969661686
6.370000000000001,7.3500000000000005,31.500000000000004,1.0635616583564347,-8.272508159445142,-0.469901969661686
6.44,11.830000000000002,30.520000000000003,1.0424432278673912,-8.681348671731085,-0.31685455879956415
2.1700000000000004,1.8900000000000001,14.840000000000002,0.6895696164218607,-8.96430900549065,-0.23383217387504318
13.650000000000002,1.6800000000000002,16.73,0.6194722554851165,-9.36461356241439,-0.22451716386541554
3.6400000000000006,6.370000000000001,23.730000000000004,0.3523961202630699,-9.528565804124634,-0.18438440838902587
15.400000000000002,0.56,20.090000000000003,0.14806533506584196,-9.629183530627513,-0.0869514355832493
3.99,0.28,11.410000000000002,-0.042497671484494834,-9.81090313921252,-0.06767272766276976
5.53,-4.2,6.090000000000001,-0.1761227084426969,-9.81338040175478,0.12141423590205043
2.9400000000000004,1.12,-4.9,-0.34538637841361813,-9.821399976580508,0.23400982413433816
1.8200000000000003,-2.1700000000000004,-14.000000000000002,-0.4395970630521709,-9.939265616600869,0.2735796463406029
-7.490000000000001,-0.8400000000000001,-28.210000000000004,-0.6054177943273026,-10.009286577924307,0.32846596554981705
